PrOMe (proline methyl ester: Marasinghe et. al. DOI: 10.1039/D5CP00898K (Paper) Phys. Chem. Chem. Phys., 2025, 27, 13167-13173)
ITER   10
FORMAT RIGID
REDUCTION S 
REP Ir
SPIN   1.0 
FTH    1.0
FDIF   0.0025
OLVL   0
DUMP   1.0

# --- Prediction Settings ---
TEMP   3.0
JMIN   0
JMAX   25
FMIN   10000.0   
FMAX   18000.0  
MUA    3.0
MUB    0.3
MUC    0.3
# ----------------------------
A         3678.1101  2
B         1037.54970 2
C         944.204226 2
-----------------------------
Quartic centrifugal distortion 
S-reduced
DJ       0.00         2
DJK      -0.0         2
DK       0.0          2
d1       0.00         2
d2       0.00         2

A-reduced
DJ       0.00         1
DJK      0.0          1
DK       0.00         1
deltaJ   0.0          1
deltaK   0.0          1
-----------------------------
Nuclear Quadrupole Coupling
Nucleus 1
Xaa       2.302        2
Xbb-Xcc   5.487        2
Xab       0.00         1
Xac       0.0          1
Xbc       0.0          1

TRANSITIONS
  5  1  5  6  4  1  4  5                                   9665.037      .005
  5  1  5  4  4  1  4  3                                   9665.083      .005
  6  0  6  6  5  1  5  5                                   9751.057      .005
  6  0  6  7  5  1  5  6                                   9751.638      .005
  6  0  6  5  5  1  5  4                                   9751.797      .005
  5  0  5  6  4  0  4  5                                   9860.442      .005
  5  0  5  4  4  0  4  3                                   9860.479      .005
  5  0  5  5  4  0  4  4                                   9860.548      .005
  5  2  4  5  4  2  3  4                                   9903.469      .005
  5  1  4  4  4  1  3  3                                   10130.911     .005
  5  1  4  6  4  1  3  5                                   10130.948     .005
  5  1  4  5  4  1  3  4                                   10131.009     .005
  4  1  4  3  3  0  3  2                                   10153.228     .005
  4  1  4  5  3  0  3  4                                   10153.351     .005
  4  1  4  4  3  0  3  3                                   10154.130     .005
  4  1  3  4  3  0  3  3                                   11086.068     .005
  4  1  3  5  3  0  3  4                                   11087.156     .005
  6  1  6  7  5  1  5  6                                   11591.861     .005
  6  1  6  5  5  1  5  4                                   11591.909     .005
  6  1  6  6  5  1  5  5                                   11591.930     .005
  6  0  6  7  5  0  5  6                                   11806.871     .005
  6  0  6  5  5  0  5  4                                   11806.894     .005
  6  0  6  6  5  0  5  5                                   11806.978     .005
  6  2  5  7  5  2  4  6                                   11879.423     .005
  6  2  5  6  5  2  4  5                                   11879.537     .005
  7  0  7  7  6  1  6  6                                   11899.963     .005
  7  0  7  8  6  1  6  7                                   11900.497     .005
  7  0  7  6  6  1  6  5                                   11900.618     .005
  5  1  5  4  4  0  4  3                                   11915.578     .005
  5  1  5  6  4  0  4  5                                   11915.688     .005
  5  1  5  5  4  0  4  4                                   11916.468     .005
  2  2  1  1  1  1  0  0                                   11978.571     .005
  2  2  1  2  1  1  0  2                                   11979.180     .005
  2  2  1  3  1  1  0  2                                   11979.922     .005
  2  2  1  2  1  1  0  1                                   11980.354     .005    
  2  2  1  1  1  1  0  1                                   11981.497     .005 
  2  2  0  3  1  1  0  2                                   11982.358     .005
  2  2  1  2  1  1  1  1                                   12072.331     .005
  2  2  1  3  1  1  1  2                                   12073.541     .005
  2  2  0  2  1  1  1  1                                   12074.738     .005
  2  2  0  2  1  1  1  2                                   12075.212     .005
  2  2  0  3  1  1  1  2                                   12075.979     .005
  2  2  0  1  1  1  1  0                                   12077.127     .005
  6  1  5  5  5  1  4  4                                   12149.671     .005
  6  1  5  7  5  1  4  6                                   12149.688     .005
  6  1  5  6  5  1  4  5                                   12149.738     .005
  5  1  4  5  4  0  4  4                                   13314.254     .005
  5  1  4  6  4  0  4  5                                   13315.365     .005
  5  1  4  4  4  0  4  3                                   13315.642     .005
  7  2  6  8  6  2  5  7                                   13853.068     .005
  7  2  6  6  6  2  5  5                                   13853.068     .005
  7  2  6  7  6  2  5  6                                   13853.154     .005
  3  2  2  2  2  1  1  1                                   13868.001     .005
  3  2  2  4  2  1  1  3                                   13868.287     .005
  3  2  2  3  2  1  1  2                                   13868.794     .005
  3  2  1  2  2  1  1  1                                   13880.189     .005
  3  2  1  4  2  1  1  3                                   13880.451     .005
  3  2  1  3  2  1  1  2                                   13880.883     .005
  7  3  5  6  6  3  4  5                                   13889.900     .005
  7  3  5  8  6  3  4  7                                   13889.914     .005
  7  3  5  7  6  3  4  6                                   13890.031     .005
  7  3  4  6  6  3  3  5                                   13894.858     .005
  7  3  4  8  6  3  3  7                                   13894.871     .005
  7  3  4  7  6  3  3  6                                   13894.982     .005
  7  1  7  8  6  1  6  7                                   13515.649     .005
  7  1  7  6  6  1  6  5                                   13515.679     .005
  7  1  7  7  6  1  6  6                                   13515.701     .005
  6  1  6  5  5  0  5  4                                   13647.009     .005
  6  1  6  7  5  0  5  6                                   13647.103     .005
  6  1  6  6  5  0  5  5                                   13647.853     .005
  7  0  7  8  6  0  6  7                                   13740.719     .005
  7  0  7  6  6  0  6  5                                   13740.733     .005
  7  0  7  7  6  0  6  6                                   13740.839     .005
  8  0  8  8  7  1  7  7                                   14045.971     .005
  8  0  8  9  7  1  7  8                                   14046.439     .005
  8  0  8  7  7  1  7  6                                   14046.532     .005
  3  2  2  4  2  1  2  3                                   14148.717     .005
  3  2  1  3  2  1  2  2                                   14159.552     .005
  3  2  1  4  2  1  2  3                                   14160.879     .005
  3  2  1  2  2  1  2  1                                   14161.603     .005
  7  1  6  8  6  1  5  7                                   14164.028     .005
  7  1  6  7  6  1  5  6                                   14164.059     .005 
  7  1  7  6  6  0  6  5                                   15355.809     .005
  7  1  7  8  6  0  6  7                                   15355.871     .005
  7  1  7  7  6  0  6  6                                   15356.578     .005
  8  0  8  9  7  0  7  8                                   15661.598     .005
  8  0  8  7  7  0  7  6                                   15661.598     .005
  4  2  3  3  3  1  2  2                                   15709.453     .005
  4  2  3  5  3  1  2  4                                   15709.644     .005 
  4  2  3  4  3  1  2  3                                   15710.293     .005
  4  2  2  3  3  1  2  2                                   15745.876     .005
  4  2  2  5  3  1  2  4                                   15746.033     .005
  4  2  2  4  3  1  2  3                                   15746.539     .005
  8  2  6  8  7  2  5  7                                   16015.226     .005
  8  2  6  9  7  2  5  8                                   16015.276     .005
  8  2  6  7  7  2  5  6                                   16015.289     .005
  9  0  9  9  8  1  8  8                                   16179.993     .005
  9  0  9 10  8  1  8  9                                   16180.402     .005
  9  0  9  8  8  1  8  7                                   16180.463     .005
  4  2  2  4  3  1  3  3                                   16305.204     .005
  4  2  2  5  3  1  3  4                                   16306.523     .005
  4  2  2  3  3  1  3  2                                   16306.999     .005
  8  1  8  7  7  0  7  6                                   17051.255     .005
  8  1  8  9  7  0  7  8                                   17051.315     .005
  8  1  8  8  7  0  7  7                                   17051.951     .005
  5  2  4  4  4  1  3  3                                   17504.105     .005
  5  2  4  6  4  1  3  5                                   17504.267     .005
  5  2  4  5  4  1  3  4                                   17505.005     .005
  7  1  6  8  6  0  6  7                                   17961.773     .005
  7  1  6  6  6  0  6  5                                   17961.984     .005
  5  2  3  5  4  1  4  4                                   18521.101     .005
  5  2  3  6  4  1  4  5                                   18522.456     .005
  5  2  3  4  4  1  4  3                                   18522.824     .005
  9  1  9  8  8  0  8  7                                   18742.929     .005
  9  1  9 10  8  0  8  9                                   18742.976     .005
  9  1  9  9  8  0  8  8                                   18743.536     .005
  
  
  
  
  
  
  
  
  
  
  
  
  
  
  
  
  
  
  
  
